91 91 91 91 92 92 92 92 92 92 92 92 92 92 92 92 92 92 92 92 92 91 91 91 91 91 91 91 91 91 91 91
91 91 94 91 91 91 92 92 92 92 92 92 92 92 92 92 92 92 92 91 91 91 91 91 91 91 91 91 91 91 91 91
91 91 95 91 94 91 91 91 92 92 92 92 92 92 92 92 92 91 91 94 91 91 91 91 91 91 91 91 91 91 91 91
92 96 91 91 95 91 91 91 91 91 92 92 92 92 92 91 91 91 91 95 91 91 91 91 91 91 91 91 91 91 91 91
92 92 92 91 91 91 91 91 91 91 91 91 91 91 91 91 91 91 91 91 91 91 91 91 91 91 91 91 91 91 91 91
97 92 92 96 91 91 91 91 91 91 91 91 91 91 91 91 91 91 91 91 91 91 91 91 91 91 91 91 91 91 91 91
93 98 92 92 92 91 91 91 91 91 91 91 91 91 91 91 91 91 91 91 91 91 91 91 91 91 91 91 91 91 91 91
93 93 98 92 92 96 91 91 91 91 94 91 91 91 91 91 91 91 91 91 91 91 91 91 91 91 91 91 91 91 91 91
93 93 93 92 92 92 91 91 91 91 95 91 91 91 91 91 91 91 91 91 91 91 91 91 91 91 91 91 91 91 91 91
93 93 93 98 92 92 91 91 91 91 91 91 91 91 91 91 91 91 91 91 91 91 91 91 91 91 91 91 91 91 91 91
93 93 93 93 92 92 92 91 91 91 91 91 91 91 91 91 91 91 91 91 91 91 91 91 91 91 91 91 91 91 91 91
93 93 93 93 93 92 92 91 91 91 91 91 91 91 91 91 91 91 91 91 91 91 91 91 91 91 91 91 91 91 91 91
93 93 93 93 93 92 92 91 91 91 91 91 91 91 91 91 91 91 91 91 91 91 91 91 91 91 91 91 91 91 91 91
93 93 93 93 93 92 92 96 91 91 91 91 91 91 91 91 91 91 91 91 91 91 91 91 91 91 91 91 91 91 91 91
93 93 93 93 93 92 92 92 92 91 91 91 91 91 91 91 91 91 94 91 91 91 91 91 91 91 91 91 91 91 91 91
93 93 93 93 93 93 92 92 92 581 582 583 91 91 91 91 91 94 95 91 91 91 91 91 91 91 91 91 91 91 91 91
93 93 93 93 93 93 98 92 92 584 585 586 91 91 91 91 91 95 91 91 91 91 91 91 91 91 91 91 91 91 91 91
93 93 93 93 93 93 93 92 92 587 588 589 91 91 91 91 91 91 91 91 91 91 91 91 91 91 91 91 91 91 91 91
93 93 93 93 93 93 93 98 92 569 570 571 92 92 92 91 91 91 91 91 91 91 91 91 91 91 91 91 91 91 91 91
93 93 93 93 93 93 93 93 92 572 573 574 92 92 92 92 92 92 92 101 101 91 91 91 91 91 91 94 91 91 91 91
93 93 93 93 93 93 93 93 98 575 576 577 92 100 98 92 92 92 92 92 92 91 91 91 91 91 91 95 91 91 91 91
93 93 93 93 93 93 93 93 93 578 579 580 93 93 93 93 98 97 92 92 92 91 91 91 91 91 91 91 94 91 91 91
93 93 93 93 93 93 93 93 93 93 93 93 93 93 93 93 93 93 93 92 92 92 92 91 91 91 91 91 95 91 91 91
93 93 93 93 93 93 93 93 93 93 93 93 93 93 93 93 93 93 93 92 92 92 92 91 91 91 94 91 91 91 91 91
93 93 93 93 93 93 93 93 93 93 93 93 93 93 93 93 93 93 93 93 92 92 92 91 91 91 95 91 91 91 91 91
93 93 93 93 93 93 93 93 93 93 93 93 93 93 93 93 93 93 93 93 93 97 92 92 92 92 92 92 92 92 92 92
93 93 93 93 93 93 93 93 93 93 93 93 93 93 93 93 93 93 93 93 93 93 92 92 92 92 92 92 92 92 92 92
93 93 93 93 93 93 93 93 93 93 93 93 93 93 93 93 93 93 93 93 93 93 93 93 93 93 93 93 93 93 93 93
93 93 93 93 93 93 93 93 93 93 93 93 93 93 93 93 93 93 93 93 93 93 93 93 93 93 93 93 93 93 93 93
93 93 93 93 93 93 93 93 93 93 93 93 93 93 93 93 93 93 93 93 93 93 93 93 93 93 93 93 93 93 93 93
93 93 93 93 93 93 93 93 93 93 93 93 93 93 93 93 93 93 93 93 93 93 93 93 93 93 93 93 93 93 93 93
93 93 93 93 93 93 93 93 93 93 93 93 93 93 93 93 93 93 93 93 93 93 93 93 93 93 93 93 93 93 93 93